424.16824666133476
92.30441043683184
92.30441043683184
92.30441043683184
92.30441043683184
92.10340371976181
0.201006717070029
92.30441043683184
92.30441043683184
0.0
92.30441043683184
0.201006717070029
92.30441043683184
6184.638644914735
70.73621880982003
0.6050608634204184
3712.7198450694964
44.93695376619088
36.604185592065086
36.604185592065086
1339.8664028583453
31.4139616823634
964.3661104216241
30.557158508833545
9.32979619891878
18.526821354553128
1.0258658877510116
0.201006717070029
11.503727658527609
27.546533822752604
26.48728477797775
27.546533822752604
27.725887222397812
13.667897782345342
27.32983467647422
729.1677493133768
7.57919634921153
22.47860193304799
13.862943611198906
15.813259819602697
670.82688627324
18.81894440234037
25.244047597802275
24.83190124712474
14.301427375516102
0.201006717070029
28.249481578065513
25.826724865642152
28.41274779084873
575.617618216929
24.22966071289755
587.7181084495712
24.35393091091493
7.133498878774649
969.0936469243125
5.753641449035618
30.850544143029467
9.885926436295602
7.500910228159052
22.31435513142097
3.487067742895556
3.2174645117617025
25.8383832745995
26.020690343381343
47.88159461591205
34.024815003197226
1786.0865842280873
29.289442843678298
39.63787733870638
36.56183116950916
32.89612112543783
2.0696456129210783
42.21218577558514
36.45658344611264
13.084337883836493
92.30441043683184
8520.104186091112
33.415630853503046
1150.1300763748754
27.530841393544247
46.45371529402098
92.10340371976181
92.30441043683184
7.914256333309725
33.21462413643302
25.660320233327777
0.201006717070029
92.30441043683184
92.30441043683184
92.10340371976181
92.30441043683184
92.10340371976181
798.0332094294628
13.667897782345342
25.09690269399385
27.566523829414276
30.758165225903575
23.37462301975461
5.954648166105646
1.2268726048210405
663.0598909867566
782.1720421875685
25.105321974269728
56.46922105227074
6.838541746083536
3711.7045911280547
13.667897782345342
92.10340371976181
31.183643122061167
621.551103014377
0.201006717070029
92.30441043683184
78.64247354270296
0.402013434140058
78.44146682563293
28.249481578065513
92.30441043683184
0.201006717070029
8520.104186091112
92.10340371976181
92.30441043683184
36.6516292749662
27.53084139354425
14.063950328268936
17.350011354094462
28.41274779084873
8.210558049012537
8.210558049012537
24.1529241938449
759.9132360376649
36.6516292749662
52.16699345993186
32.89612112543783
27.134788847620655
65.1877073641282
92.30441043683184
29.507758086276905
34.99700132301691
78.44146682563293
0.201006717070029
92.30441043683184
92.30441043683184
0.201006717070029
8520.104186091112
92.30441043683184
92.30441043683184
78.44146682563293
1112.7052370199287
8.511315596303348
27.688322522162366
14.063950328268936
13.667897782345342
28.593893533098925
26.1081540396258
37.142222417332924
39.127211298603086
46.45371529402098
1103.2112565245186
30.410966008653972
28.249481578065513
8.210558049012537
29.58574455938111
2.0872203064948547
7.0508128960055485
4.4154273433830795
78.2404601085629
0.402013434140058
35.87683270864759
50.02755106888849
0.201006717070029
0.201006717070029
30.209959291583942
10.086933153365631
28.41274779084873
28.41274779084873
39.32225712745665
78.64247354270296
92.30441043683184
0.201006717070029
13.667897782345342
70.73621880982003
31.38877312540495
48.15891217303745
92.30441043683184
8520.104186091112
92.30441043683184
92.30441043683184
92.10340371976181
21.197449207043586
21.77719994450863
2.308217030226555
4.0668184803606025
2317.355827340385
92.30441043683184
48.13892216637578
92.30441043683184
92.30441043683184
27.974951631794042
27.974951631794042
50.02755106888849
92.10340371976181
92.30441043683184
92.30441043683184
46.05170185988092
92.30441043683184
92.10340371976181
0.0
92.10340371976181
8520.104186091112
92.30441043683184
8520.104186091112
