522.6720046419981
8520.104186091112
92.30441043683184
8520.104186091112
0.201006717070029
0.201006717070029
92.30441043683184
92.30441043683184
92.30441043683184
92.30441043683184
92.30441043683184
92.30441043683184
92.30441043683184
78.44146682563293
70.73621880982003
70.73621880982003
60.11565218814983
2.5316830421890595
0.201006717070029
36.604185592065086
32.389764965752036
31.4139616823634
31.054244644196775
7.334505595844678
28.68147672415289
28.41274779084873
782.1720421875688
28.249481578065513
27.473881582883045
13.279536065203308
26.48728477797775
27.546533822752604
13.862943611198906
27.53084139354425
757.9472278364896
27.003106290080346
24.692518550365936
661.9804387530929
14.063950328268936
25.699186255898297
25.900325987779382
24.640039540948777
13.287307582689866
14.480253122547333
23.212519996451395
789.8164311903187
10.417519192389843
25.826724865642152
28.41274779084873
17.432323360768198
24.22966071289755
8.511315596303348
24.35393091091493
31.212954965293367
31.130268982524267
5.753641449035618
30.850544143029467
24.456232924250333
28.87609673852762
17.851484105136777
13.372994179191158
28.67677802801945
26.03938999166953
677.076325946139
47.68058789884202
37.27519359315272
2.9398604748132016
21.98024737378899
40.04193148505677
1336.7674984676917
32.6951144083678
48.121347472802
42.21218577558514
36.25557672904261
0.0
8520.104186091112
0.201006717070029
5.689743631105235
28.743333829872945
13.466891065275313
44.34650498086445
92.30441043683184
92.30441043683184
22.374259207502256
33.415630853503046
27.546533822752604
92.30441043683184
8520.104186091112
92.10340371976181
92.30441043683184
92.30441043683184
92.30441043683184
18.0329691027457
27.53084139354425
682.3990383753966
27.566523829414276
30.557158508833545
9.745600203819532
5.753641449035618
36.43208864819472
25.749949339498837
27.96733884708319
6.779507336786629
3305.6850222406597
0.8164398904051033
60.31869961743019
27.32983467647422
92.30441043683184
0.6050608634204183
24.93092663769995
92.10340371976181
92.30441043683184
0.402013434140058
0.402013434140058
78.64247354270296
28.249481578065513
92.30441043683184
92.30441043683184
92.10340371976181
92.30441043683184
92.30441043683184
32.18875824868201
757.9472278364896
14.063950328268936
17.350011354094462
28.41274779084873
21.77719994450863
29.58574455938111
593.1139508136176
20.433024950639624
36.6516292749662
52.16699345993186
32.6951144083678
26.933782130550625
65.1877073641282
92.10340371976181
870.7077872782401
1238.8997699900249
78.44146682563293
0.201006717070029
92.30441043683184
92.10340371976181
92.30441043683184
92.30441043683184
92.30441043683184
8520.104186091112
0.0
5.631349429038539
8.511315596303348
15.731582507049957
27.53084139354425
27.53084139354425
28.593893533098925
28.215364352782323
37.142222417332924
38.92620458153306
46.25270857695095
1103.2112565245186
30.410966008653972
28.048474860995483
29.786751276451138
29.786751276451138
27.546533822752604
30.929262265454238
36.604185592065086
78.64247354270296
78.64247354270296
35.67582599157757
1.6676321787810202
92.30441043683184
92.10340371976181
22.98969238083733
10.086933153365631
807.2842370263794
28.41274779084873
39.52326384452668
78.44146682563293
92.30441043683184
92.10340371976181
27.530841393544247
70.73621880982003
985.255078318144
46.05170185988092
92.30441043683184
92.30441043683184
8520.104186091112
0.201006717070029
92.30441043683184
29.507758086276905
29.786751276451138
27.767530546484302
1329.082476563374
48.13892216637578
8520.104186091112
47.93791544930575
0.201006717070029
8520.104186091112
27.974951631794042
16.879401405890576
48.35991889010747
0.201006717070029
92.30441043683184
92.30441043683184
48.15891217303745
8520.104186091112
92.30441043683184
92.10340371976181
92.10340371976181
92.30441043683184
92.30441043683184
8520.104186091112
